0	1
87.2245302516	NaN

0	2
90.7800670617	NaN

0	3
9.0	3
0	4
8.0	4
0	NaN
0.185284875496	NaN
0.191544499668	NaN
0.19780412384	NaN
0.204063748013	NaN
0.216582996357	NaN
0.241621493046	NaN
0.291698486423	NaN
9.96406975725	NaN
9.97032938142	NaN
9.9765890056	NaN
9.98284862977	NaN
9.99411595328	NaN
10.01915445	NaN
10.0692314433	5
10.1693854301	NaN
10.3696934036	NaN
19.6477083516	5
19.6539679758	NaN
19.6602275999	NaN
19.6664872241	5
19.6802583973	5
19.7040449691	5
19.7541219625	NaN
19.8542759493	NaN
20.0558358476	5
25.9048286741	NaN
25.9110882983	NaN
25.9173479224	NaN
25.9236075466	5
25.9361267949	NaN
25.9611652916	NaN
26.011242285	NaN
26.1113962718	NaN
26.3117042453	NaN
26.3254754185	NaN
26.3317350426	NaN
26.3329869675	NaN
26.3392465916	NaN
26.3455062158	NaN
26.3580254642	5
26.3830639608	5

0	NaN
149.0	NaN
153.0	NaN
158.0	NaN
164.0	NaN
174.0	NaN
194.0	NaN
234.0	6
7967.0	6
7970.0	NaN
7970.0	NaN
7975.0	NaN
7984.0	NaN
8004.0	NaN
8044.0	6
8124.0	NaN
8284.0	NaN
15699.0	6
15705.0	6
15705.0	NaN
15715.0	6
15721.0	6
15741.0	NaN
15780.0	NaN
15860.0	NaN
16021.0	6
20699.0	6
20696.0	6
20703.0	NaN
20709.0	6
20718.0	NaN
20738.0	NaN
20781.0	6
20858.0	NaN
21018.0	6
21029.0	NaN
21035.0	NaN
21034.0	NaN
21039.0	6
21045.0	NaN
21055.0	6
21075.0	6

0	7
0.196552199006	NaN
0.210323372185	NaN
0.204063748013	NaN
0.216582996357	7
0.229102244701	7
0.25414074139	NaN
0.304217734767	7
9.98284862977	NaN
9.9765890056	NaN
9.98910825394	7
9.99536787811	7
10.0066352016	7
10.0316736983	7
10.0817506917	7
10.1819046784	7
10.382212652	7
19.6614795248	7
19.6727468483	7
19.6664872241	NaN
19.6802583973	NaN
19.6927776456	7
19.7165642175	7
19.7678931357	7
19.8680471225	7
20.068355096	7
25.9173479224	7
25.9236075466	NaN
25.9298671708	7
25.9361267949	7
25.9486460433	NaN
25.97368454	7
26.0237615334	7
26.1239155201	7
26.3242234936	NaN
26.344254291	7
26.3379946668	NaN
26.35176584	7
26.3580254642	NaN
26.3455062158	NaN
26.3705447125	7
26.396835134	7

0	8
203.0	8
203.0	NaN
204.0	8
208.0	8
218.0	8
238.0	8
278.0	8
8011.0	8
8014.0	8
8014.0	NaN
8019.0	8
8028.0	8
8048.0	8
8088.0	8
8168.0	8
8328.0	8
15746.0	8
15750.0	8
15761.0	8
15761.0	8
15765.0	8
15784.0	8
15825.0	8
15905.0	8
16065.0	8
20739.0	8
20742.0	8
20747.0	8
20752.0	8
20768.0	8
20782.0	8
20822.0	8
20902.0	8
21074.0	8
21078.0	8
21084.0	NaN
21084.0	8
21089.0	8
21095.0	8
21099.0	8
21120.0	8

0	9
0.184032950662	9
0.190292574834	NaN
0.196552199006	NaN
0.202811823178	9
0.215331071522	9
0.240369568211	9
0.290446561588	9
9.96406975725	9
9.97032938142	9
9.9765890056	9
9.98284862977	9
9.99411595328	9
10.01915445	9
10.0692314433	9
10.1693854301	9
10.3696934036	9
19.6477083516	9
19.6539679758	NaN
19.6602275999	9
19.6664872241	9
19.6790064725	9
19.7040449691	9
19.7541219625	9
19.8542759493	9
20.0545839228	9
25.9035767493	9
25.9098363734	9
25.9160959976	9
25.9223556218	NaN
25.9348748701	9
25.9599133668	9
26.0099903602	9
26.1113962718	9
26.3117042453	9
26.3254754185	9
26.3317350426	9
26.3329869675	9
26.3392465916	NaN
26.3455062158	9
26.3580254642	9
26.3830639608	9

0	10
148.0	10
152.0	10
157.0	10
163.0	10
173.0	10
193.0	10
233.0	10
7962.0	10
7966.0	10
7970.0	10
7975.0	10
7984.0	10
8004.0	10
8044.0	10
8124.0	10
8284.0	10
15698.0	10
15702.0	10
15706.0	10
15710.0	10
15720.0	10
15740.0	10
15780.0	10
15860.0	10
16020.0	10
20700.0	10
20700.0	NaN
20702.0	10
20707.0	10
20717.0	10
20737.0	10
20778.0	10
20858.0	10
21018.0	10
21029.0	10
21034.0	10
21035.0	10
21042.0	10
21045.0	10
21055.0	10
21075.0	10

0	NaN
36.3534713137	11
36.3590620912	NaN
36.3646528686	NaN
36.3758344235	NaN
36.3981975333	NaN
36.4418055975	NaN
36.5312580367	NaN
36.7112810707	NaN
37.9278342446	NaN
37.9345431776	NaN
37.940133955	11
37.9501973544	11
37.9725604643	NaN
38.0172866839	NaN
38.1067391231	11
38.2867621571	NaN
38.6434537587	NaN
39.3601914282	11
40.7903123008	NaN
43.6539085125	11
49.3777464694	11

0	NaN
36.3646528686	12
36.3702436461	12
36.3758344235	NaN
36.3881341339	12
36.4104972437	12
36.4541053079	12
36.5435577471	12
36.7224626257	12
37.9390157995	12
37.9457247325	12
37.9513155099	12
37.9624970648	12
37.9848601747	12
38.0284682388	12
38.1190388335	12
38.2979437121	12
38.6557534691	12
39.3713729831	12
40.8014938557	12
43.6650900674	12
49.3889280243	12

0	NaN
36.3534713137	13
36.3590620912	13
36.3646528686	NaN
36.3758344235	13
36.3981975333	NaN
36.4418055975	13
36.5323761922	13
36.7112810707	13
37.9278342446	13
37.9345431776	13
37.940133955	13
37.9501973544	13
37.9725604643	13
38.0172866839	13
38.1078572786	13
38.2867621571	13
38.6434537587	13
39.3601914282	13
40.7903123008	13
43.6539085125	13
49.3777464694	13

0	14
1409.0	14

0	15
28808.0	15
28809.0	15
28814.0	15
28824.0	NaN
28844.0	NaN
28884.0	NaN
28964.0	NaN
29125.0	NaN

0	16
28849.0	16
28860.0	16
28864.0	16
28874.0	16
28894.0	NaN
28934.0	16
29014.0	16
29174.0	16

0	17
96.2242480798	NaN

0	18
95.9058308944	NaN
95.9186955263	NaN
95.9347763162	NaN
95.966937896	NaN
96.0312610555	NaN
96.1599073747	NaN
96.4075515389	NaN
96.4236323288	NaN
96.4397131187	NaN
96.4718746985	NaN
96.536197858	NaN
96.6648441771	NaN
96.9221368154	NaN
97.0958093462	NaN
97.1054578201	NaN
97.118322452	NaN
97.1344032419	NaN
97.1665648217	NaN
97.2308879812	NaN
97.3145080886	NaN
97.3241565626	NaN
97.3370211945	NaN
97.3531019844	NaN
97.3852635641	NaN
97.4495867237	NaN
97.5782330428	NaN
97.835525681	NaN
98.3468947995	NaN

0	19
29818.0	19
29823.0	19
29828.0	19
29838.0	19
29858.0	19
29898.0	19
29978.0	19
30138.0	19
30189.0	19
30194.0	19
30199.0	19
30209.0	19
30229.0	19
30257.0	19
30262.0	19
30267.0	19
30277.0	19
30297.0	19
30337.0	19
30417.0	19
30576.0	19
30897.0	19

0	20
95.9347763162	NaN
95.9476409481	NaN
95.966937896	NaN
95.9990994758	NaN
96.0634226353	NaN
96.1920689544	NaN
96.4557939086	NaN
96.4397131187	NaN
96.4718746985	NaN
96.5040362783	NaN
96.5683594378	NaN
96.6970057569	NaN
96.9542983951	NaN
97.1279709259	NaN
97.1376193999	NaN
97.1504840318	NaN
97.1665648217	NaN
97.2019425594	NaN
97.266265719	NaN
97.3466696684	NaN
97.3563181423	NaN
97.3659666163	NaN
97.3852635641	NaN
97.4174251439	NaN
97.4817483035	NaN
97.6103946226	NaN
97.8676872608	NaN
98.3822725372	NaN

0	21
95.9026147364	NaN
95.9154793683	NaN
95.9315601582	NaN
95.963721738	NaN
96.0312610555	NaN
96.1599073747	NaN
96.4075515389	NaN
96.4236323288	NaN
96.4397131187	NaN
96.4718746985	NaN
96.536197858	NaN
96.6648441771	NaN
96.9221368154	NaN
97.0958093462	NaN
97.1022416621	NaN
97.118322452	NaN
97.1344032419	NaN
97.1665648217	NaN
97.2308879812	NaN
97.3145080886	NaN
97.3209404046	NaN
97.3338050365	NaN
97.3531019844	NaN
97.3852635641	NaN
97.4495867237	NaN
97.5782330428	NaN
97.835525681	NaN
98.3468947995	NaN

0	22
29818.0	22
29822.0	22
29827.0	22
29837.0	22
29857.0	22
29898.0	22
29978.0	22
30138.0	22
30189.0	22
30193.0	22
30199.0	22
30209.0	22
30229.0	22
30256.0	22
30261.0	22
30266.0	22
30277.0	22
30297.0	22
30337.0	22
30417.0	22
30576.0	22
30897.0	22

0	23
96.2217649311	NaN

0	24
3.0	NaN
8.0	24
18.0	24
0	NaN
29.0	NaN

0	NaN
23.0	NaN

0	27
2.0	27
12.0	27
0	NaN
23.0	NaN

0	29
5.0	NaN
46.0	29
0	30
24.0	30
0	NaN
30.0	31
0	32
79.0	32
0	NaN
29.0	33
0	NaN
5.0	34
0	NaN
4.0	35

0	36
6.0	NaN

0	NaN
33.0	37
0	NaN
34.0	38
0	39
59.8960066556	NaN
59.90640599	39
59.9168053245	39
59.9376039933	39
59.9792013311	39
60.0623960067	39
60.2287853577	39
60.5615640599	39
73.7146422629	39

0	40
28797.0	40
28801.0	NaN
28806.0	NaN
28816.0	NaN
28836.0	NaN
28876.0	NaN
28956.0	NaN
29116.0	NaN

0	41
59.9771214642	NaN
59.9854409318	41
59.9958402662	41
60.0166389351	41
60.0582362729	41
60.1414309484	41
60.3078202995	41
60.6405990017	41
91.4455074875	41

0	42
28807.0	42
28811.0	42
28815.0	42
28826.0	42
28846.0	NaN
28886.0	42
28966.0	42
29126.0	42

0	43
59.8960066556	NaN
59.9043261231	43
59.9147254576	NaN
59.9355241265	NaN
59.9771214642	NaN
60.0603161398	NaN
60.2267054908	NaN
60.559484193	NaN
77.443843594	43

0	44
28797.0	44
28800.0	44
28806.0	NaN
28816.0	NaN
28836.0	NaN
28876.0	NaN
28956.0	NaN
29116.0	44

0	NaN
0.326850792613	45
0.375878411505	NaN
0.416734760582	NaN
0.482104919104	NaN

0	NaN
35.0	NaN
38.0	NaN
41.0	NaN
44.0	NaN
50.0	NaN
55.0	NaN
66.0	NaN

0	47
0.408563490766	47
0.457591109658	47
0.498447458735	47
0.563817617258	47

0	48
0.318679522798	NaN
0.375878411505	NaN
0.416734760582	NaN
0.482104919104	NaN

0	NaN
34.0	NaN
38.0	NaN
41.0	NaN
44.0	NaN
50.0	NaN
55.0	NaN
63.0	NaN

0	NaN
0.372646443515	NaN
0.392259414226	NaN
0.411872384937	NaN
0.431485355649	NaN
0.470711297071	NaN
0.50339958159	NaN
0.575313807531	NaN

0	NaN
64.0	51
70.0	51
75.0	NaN
83.0	NaN

0	52
74.0	52
80.0	52
85.0	52
93.0	52

0	NaN
0.366108786611	NaN
0.392259414226	NaN
0.411872384937	NaN
0.431485355649	NaN
0.470711297071	NaN
0.50339958159	NaN
0.55570083682	NaN

0	NaN
63.0	NaN
70.0	54
75.0	NaN
83.0	NaN

0	55
82.078900857	55
91.6096975356	NaN
91.6263714276	NaN
91.6430453196	55
91.6730583253	NaN
91.7397538934	55
91.8731450295	NaN
92.1399273018	NaN

0	NaN
27470.0	NaN
27475.0	NaN
27480.0	56
27489.0	NaN
27509.0	56
27548.0	NaN
27628.0	NaN

0	57
91.7731016774	57
91.7897755694	57
91.8064494614	NaN
91.8364624671	57
91.9031580351	NaN
92.0332143929	57
92.2999966652	57
30023.0	57
0	58
27480.0	58
27485.0	58
27490.0	NaN
27499.0	58
27519.0	NaN
27558.0	58
27638.0	58

0	59
88.0815019842	59
91.613032314	NaN
91.629706206	59
91.646380098	NaN
91.6763931037	NaN
91.7430886718	59
91.8731450295	NaN
92.1365925234	NaN

0	NaN
27470.0	NaN
27475.0	NaN
27480.0	NaN
27489.0	NaN
27509.0	NaN
27548.0	NaN
27628.0	NaN

0	61
10404.0	61

0	62
31.4264827827	NaN
31.4308471174	NaN
31.4363025357	NaN
31.4472133723	NaN
31.4690350456	NaN
31.5126783922	NaN
31.5999650853	NaN
31.7756295553	NaN
31.7941779776	NaN
67.937415441	NaN

0	63
31.4373936193	NaN
31.441757954	NaN
31.4472133723	NaN
31.458124209	NaN
31.4799458823	NaN
31.5235892288	NaN
31.610875922	NaN
31.7865403919	NaN
31.8061798979	NaN
80.4477807358	NaN

0	64
31.425391699	NaN
31.4308471174	NaN
31.4363025357	NaN
31.4472133723	NaN
31.4690350456	NaN
31.5126783922	NaN
31.5999650853	NaN
31.7745384716	NaN
31.7941779776	NaN
69.773709248	NaN

0	65
28802.0	65
28816.0	65
28823.0	65
28823.0	65
28843.0	65
28883.0	65
28963.0	65
29123.0	65

0	NaN
10.0843217091	NaN
10.0862477417	NaN
10.0874033613	NaN
10.0897146005	NaN
10.0912554266	NaN
10.0789288177	NaN
10.0808548503	NaN
10.0823956764	NaN
6.87863297907	NaN
6.87978859866	NaN
6.8817146313	NaN
6.88556669658	66
6.89327082715	66
6.90867908829	66
6.93949561057	66
6.95490387171	NaN
6.95721511088	NaN
6.958755937	NaN
6.96260800228	NaN
6.97031213285	NaN
6.98572039399	NaN
7.01653691627	NaN
7.07816996082	NaN
7.33471750879	NaN
11.1563514778	NaN
11.2179845224	NaN
32.2764550214	66
65.5606103212	66
98.843224795	66

0	67
17857.0	67
17862.0	NaN
17866.0	NaN
17876.0	67
17896.0	67
17936.0	67
18016.0	67
18175.0	67
18494.0	67
22978.0	67
26167.0	67
26171.0	67
26175.0	NaN
26185.0	67
26205.0	NaN
28963.0	NaN
29124.0	NaN
83923.0	67
170329.0	67
256731.0	67

0	NaN
10.0881737744	NaN
10.090099807	68
10.1066636877	68
10.1082045139	68
10.1101305465	68
10.082780883	NaN
10.0847069156	NaN
10.0862477417	NaN
1.19375503176	68
6.8817146313	68
6.88364066394	68
6.88556669658	NaN
6.88941876187	NaN
6.89712289244	68
6.91253115358	68
6.94334767586	68
6.97377899161	NaN
6.97609023078	NaN
6.97763105689	NaN
6.98148312218	NaN
6.98918725275	NaN
7.00459551388	NaN
7.03541203616	NaN
7.09665987419	NaN
7.33856957408	NaN
11.1602035431	68
11.2218365877	68
34.4775251251	68
67.7609100119	68

0	69
8343.0	69
17910.0	69
17915.0	69
17920.0	69
17926.0	69
17950.0	69
17990.0	69
18070.0	69
18185.0	69
18504.0	69
22986.0	69
26185.0	69
26197.0	69
26215.0	NaN
26225.0	69
26230.0	69
29017.0	69
29177.0	69
94731.0	69
181153.0	69

0	NaN
10.0843217091	NaN
10.0862477417	NaN
10.0877885678	NaN
10.089329394	NaN
10.0912554266	NaN
10.0789288177	NaN
10.0808548503	NaN
10.0823956764	NaN
6.87786256601	NaN
6.87978859866	70
6.8817146313	70
6.88556669658	NaN
6.89327082715	NaN
6.90867908829	NaN
6.93949561057	NaN
6.95490387171	NaN
6.95682990435	NaN
6.958755937	NaN
6.96299320881	NaN
6.97031213285	NaN
6.98572039399	NaN
7.01653691627	NaN
7.0777847543	NaN
7.33471750879	NaN
11.1563514778	NaN
11.2179845224	NaN
32.9698267726	70
66.2532116594	70
99.5365965462	70

0	71
17857.0	71
17861.0	71
17866.0	71
17876.0	NaN
17896.0	NaN
17936.0	NaN
18016.0	NaN
18175.0	NaN
18494.0	NaN
22975.0	71
26166.0	71
26172.0	71
26175.0	71
26185.0	NaN
26205.0	NaN
28964.0	NaN
29124.0	NaN
85716.0	71
172120.0	71
258524.0	71

0	72
9.65614986443	72
9.68079861967	72
9.6992851861	NaN
9.74242050776	NaN
9.74242050776	NaN
9.77939364062	72
9.79788020705	72
9.87182647276	NaN
9.87798866157	NaN
9.92112398324	NaN
9.93961054967	NaN
10.0012324378	NaN
10.124476214	NaN
10.2415578013	NaN
10.2230712349	NaN
42.1432092679	NaN
42.1863445896	72
42.1863445896	72
42.2233177225	72
42.2418042889	72
42.2233177225	NaN
42.2726152329	72
42.303426177	72
42.3650480651	72
42.4081833867	NaN
42.4389943308	72
42.4698052748	72
42.5375893517	72
42.6608331279	72
42.9073206803	72
43.1599704215	NaN

0	73
1563.0	73
1568.0	73
1571.0	73
1578.0	73
1576.0	NaN
1584.0	73
1589.0	73
1598.0	73
1619.0	73
1659.0	73
1738.0	73
6836.0	73
6842.0	73
6841.0	NaN
6849.0	73
6847.0	NaN
6852.0	73
6857.0	73
6862.0	73
6872.0	73
6879.0	73
6884.0	73
6889.0	73
6899.0	73
6919.0	73
6960.0	73
7039.0	73

0	74
10.0197190042	NaN
10.0443677594	NaN
10.0628543259	NaN
10.0936652699	NaN
10.1059896475	NaN
10.1368005916	NaN
10.1676115356	NaN
10.2292334237	NaN
10.2477199901	NaN
10.2785309342	NaN
10.3093418782	NaN
10.3709637663	NaN
10.4942075425	NaN
10.5928025635	NaN
10.6112891299	NaN
42.5129405965	74
42.5314271629	74
42.5437515405	74
42.5745624846	74
42.5868868622	74
42.6361843727	74
42.6053734286	74
42.6669953167	74
42.7286172048	74
42.7717525265	NaN
42.8025634705	NaN
42.8333744146	NaN
42.8949963027	NaN
43.0182400789	NaN
43.2647276313	74
43.5173773724	74

0	75
1574.0	75
1578.0	75
1581.0	75
1587.0	75
1589.0	75
1594.0	75
1599.0	75
1609.0	75
1629.0	75
1669.0	75
1748.0	75
6846.0	75
6851.0	75
6852.0	75
6857.0	75
6859.0	75
6862.0	75
6868.0	75
6872.0	75
6883.0	75
6889.0	75
6894.0	75
6900.0	75
6910.0	75
6930.0	75
6970.0	75
7049.0	75

0	76
9.637663298	NaN
9.66847424205	76
9.69312299729	76
9.72393394134	NaN
9.73625831895	NaN
9.77323145181	76
9.80404239586	76
9.91496179443	NaN
9.86566428395	NaN
9.93961054967	NaN
9.88415085038	NaN
10.0012324378	NaN
10.1306384028	NaN
10.2538821789	NaN
10.2600443678	NaN
42.1308848903	NaN
42.174020212	76
42.1801824008	76
42.1986689672	76
42.2171555336	76
42.2356421001	76
42.2664530441	76
42.2911017994	76
42.3588858763	76
42.3958590091	76
42.432832142	76
42.463643086	76
42.5252649741	76
42.6485087503	76
42.8949963027	76
43.1476460439	NaN

0	77
1563.0	77
1568.0	77
1571.0	77
1576.0	77
1578.0	77
1583.0	77
1588.0	77
1599.0	77
1618.0	77
1658.0	77
1737.0	77
6836.0	77
6841.0	77
6842.0	77
6847.0	77
6849.0	77
6852.0	77
6857.0	77
6862.0	77
6872.0	77
6879.0	77
6884.0	77
6889.0	77
6899.0	77
6919.0	77
6959.0	77
7038.0	77

0	78
54.9788719456	78

0	79
10387.0	79

0	80
68.4349324524	NaN

0	81
74.2766834544	NaN

0	82
70.1371897522	NaN

0	83
7.0	83
47.0	83
0	84
33.0	84
0	NaN
65.4123898628	85
65.4260150786	NaN
65.437369425	NaN
65.4623489872	85

0	NaN
28797.0	NaN
28800.0	NaN
28803.0	NaN
28806.0	NaN
28812.0	NaN
28817.0	NaN
28828.0	NaN

0	NaN
65.4101189936	87
65.4260150786	87
65.437369425	NaN
65.4555363793	NaN

0	NaN
28796.0	NaN
28800.0	NaN
28803.0	NaN
28806.0	NaN
28812.0	NaN
28817.0	NaN
28825.0	NaN

0	89
8.56018981019	89
8.58516483516	89
8.6038961039	NaN
8.6476023976	NaN
8.6476023976	NaN
8.68506493506	89
8.7037962038	89
8.77872127872	NaN
8.78496503497	NaN
8.82867132867	NaN
8.8474025974	NaN
8.90984015984	NaN
9.03471528472	NaN
9.15334665335	NaN
9.13461538462	NaN
41.4772727273	NaN
41.520979021	89
41.520979021	89
41.5584415584	89
41.5771728272	89
41.5584415584	NaN
41.6083916084	89
41.6396103896	89
41.702047952	89
41.7457542458	NaN
41.776973027	89
41.8081918082	89
41.8768731269	89
42.0017482517	89
42.2514985015	89
42.5074925075	NaN

0	90
1406.0	90
1411.0	90
1416.0	90
1426.0	90
1446.0	90
1462.0	90
1465.0	90
6805.0	90

0	91
8.92857142857	NaN
8.95354645355	NaN
8.97227772228	NaN
9.0034965035	NaN
9.01598401598	NaN
9.0472027972	NaN
9.07842157842	NaN
9.14085914086	NaN
9.15959040959	NaN
9.19080919081	NaN
9.22202797203	NaN
9.28446553447	NaN
9.40934065934	NaN
9.50924075924	NaN
9.52797202797	NaN
41.8518981019	91
41.8706293706	91
41.8831168831	91
41.9143356643	91
41.9268231768	91
41.9767732268	91
41.9455544456	91
42.007992008	91
42.0704295704	91
42.1141358641	NaN
42.1453546454	NaN
42.1765734266	NaN
42.239010989	NaN
42.3638861139	NaN
42.6136363636	91
42.8696303696	91

0	92
8.54145854146	NaN
8.57267732268	92
8.59765234765	92
8.62887112887	NaN
8.64135864136	NaN
8.67882117882	92
8.71003996004	92
8.82242757243	NaN
8.77247752248	NaN
8.8474025974	NaN
8.79120879121	NaN
8.90984015984	NaN
9.04095904096	NaN
9.16583416583	NaN
9.17207792208	NaN
41.4647852148	NaN
41.5084915085	92
41.5147352647	92
41.5334665335	92
41.5521978022	92
41.5709290709	92
41.6021478521	92
41.6271228771	92
41.6958041958	92
41.7332667333	92
41.7707292707	92
41.8019480519	92
41.8643856144	92
41.9892607393	92
42.239010989	92
42.495004995	NaN

0	93
1405.0	93
1411.0	93
1415.0	93
1425.0	93
1445.0	93
1464.0	93
1461.0	93
6804.0	93

0	94
36.2464948591	94

0	95
2.60287496087	95
2.60769064073	95
2.61371024054	95
2.62574944018	NaN
2.63056512003	95
2.63658471985	95
2.64260431966	95
2.64741999952	NaN
2.65343959934	95
2.65945919915	NaN
2.67149839879	NaN
2.69557679805	NaN
2.74373359659	NaN
2.84125111363	NaN
3.03387830777	95
21.1251835978	NaN
34.6753027859	NaN
34.6813223857	NaN
34.6873419855	NaN
34.6993811851	NaN
34.7234595844	NaN
34.7716163829	NaN
34.86792998	NaN
35.0605571742	NaN
78.5930991308	95

0	NaN
2161.0	96
2165.0	96
2170.0	96
2180.0	NaN
2184.0	96
2189.0	96
2194.0	96
2198.0	NaN
2203.0	96
2208.0	NaN
2218.0	NaN
2238.0	NaN
2278.0	NaN
2359.0	NaN
2519.0	96
17545.0	NaN
28801.0	NaN
28806.0	NaN
28811.0	NaN
28821.0	NaN
28841.0	NaN
28881.0	NaN
28961.0	NaN
29121.0	NaN

0	97
2.6678866389	NaN
2.67872191857	97
2.68474151838	97
2.69798463798	97
2.70159639787	97
2.70761599769	97
2.71363559751	97
2.71965519732	97
2.72447087718	97
2.73049047699	97
2.74252967663	97
2.76781199586	97
2.81596879439	97
2.91228239147	97
3.10490958561	97
21.1962148756	97
34.7463340637	97
34.7523536635	97
34.7583732633	97
34.770412463	97
34.7944908622	NaN
34.8426476608	97
34.9389612579	97
35.131588452	97
88.0763766825	97

0	98
2170.0	NaN
2175.0	98
2180.0	98
2190.0	98
2194.0	98
2199.0	98
2204.0	98
2208.0	98
2213.0	98
2218.0	NaN
2228.0	98
2248.0	98
2289.0	98
2369.0	98
2529.0	98
17556.0	98
28811.0	98
28816.0	98
28821.0	98
28831.0	98
28851.0	NaN
28891.0	98
28971.0	98
29131.0	98

0	99
2.60167104091	99
2.60769064073	NaN
2.61371024054	NaN
2.62574944018	99
2.63056512003	NaN
2.63658471985	NaN
2.64501215959	99
2.64862391948	99
2.6546435193	NaN
2.66066311912	99
2.67149839879	NaN
2.69678071802	99
2.74493751655	NaN
2.84125111363	NaN
3.03387830777	NaN
21.1251835978	99
34.6753027859	99
34.6813223857	99
34.6873419855	NaN
34.6993811851	NaN
34.7234595844	NaN
34.7716163829	NaN
34.86792998	NaN
35.0605571742	NaN
80.755339385	99

0	NaN
2160.0	100
2165.0	NaN
2170.0	NaN
2180.0	100
2184.0	NaN
2189.0	NaN
2194.0	NaN
2198.0	NaN
2203.0	NaN
2208.0	NaN
2218.0	NaN
2238.0	NaN
2278.0	NaN
2359.0	NaN
2519.0	NaN
17545.0	100
28801.0	100
28806.0	NaN
28811.0	NaN
28821.0	NaN
28841.0	NaN
28881.0	NaN
28961.0	NaN
29121.0	NaN

0	101
17.9363548698	NaN
17.9631415408	NaN
17.9899282117	NaN
18.0060002143	NaN
18.0327868852	NaN
18.0595735562	NaN
18.081002893	NaN
18.1131468981	NaN
18.1399335691	NaN
18.1881495768	NaN
18.2952962606	NaN
18.5095896282	NaN
18.9381763634	NaN
19.8060645023	101
21.1507553841	NaN
21.1775420551	NaN

0	NaN
3347.0	NaN
3352.0	NaN
3357.0	NaN
3360.0	NaN
3365.0	NaN
3370.0	NaN
3374.0	NaN
3380.0	NaN
3384.0	102
3394.0	NaN
3414.0	NaN
3454.0	NaN
3534.0	NaN
3695.0	NaN
3947.0	NaN
3952.0	NaN

0	103
18.2524375871	103
18.2845815922	NaN
18.3113682632	103
18.3274402657	103
18.3327975999	103
18.3810136076	103
18.3810136076	103
18.4238722812	103
18.4506589521	103
18.504232294	103
18.6113789778	NaN
18.8256723454	103
19.2542590807	103
20.1167898854	103
21.4668381014	103
21.4936247723	NaN

0	104
3357.0	104
3362.0	104
3367.0	104
3370.0	104
3375.0	NaN
3384.0	NaN
3380.0	NaN
3389.0	104
3394.0	NaN
3404.0	104
3424.0	104
3464.0	104
3544.0	104
3705.0	104
3957.0	104
3962.0	104

0	105
17.9363548698	105
17.9631415408	NaN
17.9899282117	NaN
18.0060002143	NaN
18.0327868852	NaN
18.0595735562	NaN
18.0863602272	105
18.1077895639	NaN
18.1345762349	NaN
18.1881495768	NaN
18.2952962606	NaN
18.5095896282	NaN
18.9381763634	NaN
19.8007071681	NaN
21.1507553841	NaN
21.1775420551	NaN

0	NaN
3347.0	106
3352.0	NaN
3357.0	NaN
3360.0	NaN
3365.0	NaN
3370.0	NaN
3374.0	NaN
3379.0	NaN
3384.0	NaN
3394.0	NaN
3414.0	NaN
3454.0	NaN
3534.0	NaN
3695.0	NaN
3947.0	NaN
3952.0	NaN

0	107
60.6101124152	107
81.9194770465	107
81.93433368	NaN
81.9590947358	NaN
82.0086168474	NaN
82.1126132818	107
82.3057495172	NaN
82.7019264101	NaN
83.4992324073	NaN

0	108
16541.0	108
16544.0	NaN
16549.0	NaN
16559.0	NaN
16579.0	NaN
16619.0	NaN
16699.0	NaN
16859.0	NaN

0	109
16549.0	NaN
16554.0	109
16559.0	109
16569.0	109
16589.0	109
16629.0	109
16709.0	109
16870.0	109

0	NaN
69.514188085	110
81.9095726242	NaN
81.9392858912	110
81.9590947358	NaN
82.0086168474	NaN
82.1076610707	NaN
82.3057495172	NaN
82.7019264101	NaN
83.4942801961	NaN

0	111
66.2587131059	111
66.2725160459	111
66.2863189859	111
66.304722906	NaN
66.3507327061	111

0	NaN
28799.0	NaN
28802.0	NaN
28805.0	NaN
28808.0	NaN
28814.0	NaN
28819.0	NaN
28830.0	NaN

0	113
66.295520946	113
66.309323886	113
66.327727806	113
66.3530331961	113
66.3737376061	113

0	114
66.2587131059	114
66.2702155559	NaN
66.2863189859	NaN
66.304722906	114
66.3507327061	NaN

0	NaN
28798.0	NaN
28802.0	NaN
28805.0	NaN
28808.0	NaN
28814.0	NaN
28819.0	NaN
28827.0	NaN

0	116
41356.0	NaN

0	117
43042.0	NaN

0	NaN
99.0	118
0	NaN
99.0	NaN

0	120
13.0	120
0	121
3.0	NaN
43.0	NaN

0	122
36.0	122
0	NaN
25.0	NaN

0	NaN
14.0	NaN

0	125
25.0	125
0	NaN
14.0	NaN

0	127
3.0	127
83.0	127
0	NaN
31.0	128
0	NaN
30.0	129
0	NaN
21.0	130
0	NaN
20.0	131
0	132
22.0	NaN

0	133
3.71325270315	NaN
3.71390674421	NaN
3.71456078527	NaN
3.7149532099	133
3.71560725096	133
3.71626129202	NaN
3.71743856592	NaN
3.72018553837	NaN
3.72528705862	NaN
3.73575171555	133
3.75668102941	NaN
3.7677997274	133
3.76845376845	NaN
3.76910780951	NaN
3.77041589163	NaN
3.77303205586	NaN
4.93735594746	NaN
4.93800998852	NaN
4.93814079673	NaN
4.93879483778	NaN
4.93944887884	NaN
4.94088776917	NaN
4.9435039334	NaN
4.94860545366	NaN
9.06801765388	133
20.3705011786	133
31.6733771279	133
42.9755990362	133
54.2774285199	133
65.580173661	133
76.8822647611	133
88.1846174775	133
99.4871010023	133

0	NaN
28386.0	NaN
28391.0	NaN
28396.0	NaN
28398.0	NaN
28403.0	NaN
28408.0	NaN
28418.0	134
28438.0	NaN
28477.0	NaN
28557.0	NaN
28718.0	NaN
28802.0	NaN
28807.0	NaN
28812.0	NaN
28822.0	NaN
28842.0	NaN
274097.0	134
274098.0	NaN
274103.0	NaN
274114.0	NaN
274133.0	NaN
274174.0	NaN
274254.0	NaN
274413.0	134
290813.0	134
290818.0	NaN
290823.0	NaN
290833.0	NaN
290853.0	NaN
290893.0	NaN
290973.0	NaN
291132.0	NaN
450804.0	134
450809.0	NaN
450814.0	NaN
450816.0	NaN
450821.0	NaN
450826.0	NaN
450836.0	NaN
450856.0	NaN
450896.0	NaN
450977.0	NaN
451136.0	NaN
452194.0	NaN
452199.0	NaN
452204.0	134
452206.0	NaN
452211.0	NaN
595177.0	NaN
595182.0	NaN
595187.0	NaN
595197.0	NaN
595217.0	NaN
595257.0	134
595337.0	NaN
595497.0	134
608097.0	NaN
608101.0	NaN
608106.0	NaN
608116.0	NaN
608136.0	NaN
608176.0	134
608255.0	NaN
608415.0	NaN
615189.0	134
615194.0	NaN
615199.0	NaN
615200.0	NaN
615360.0	NaN
615519.0	NaN

0	135
3.71979311373	135
3.72031634658	135
3.72097038764	135
3.72136281227	135
3.72188604512	135
3.72267089439	135
3.7239789765	NaN
3.72646433252	135
3.73156585278	135
3.74203050971	135
3.76309063178	135
3.77407852155	135
3.77473256261	135
3.77538660367	135
3.77669468579	135
3.77931085002	135
4.93866402957	NaN
4.93944887884	NaN
4.93944887884	NaN
4.9401029199	135
4.94075696096	NaN
4.94219585129	135
4.94481201552	135
4.94991353577	135
10.5185499125	135
21.8284895053	135
33.1265255508	135
44.4351570614	135
55.7312309838	135
67.0287437964	135
78.3335818689	135
89.635672969	135

0	136
28396.0	136
28401.0	136
28406.0	NaN
28408.0	136
28413.0	136
28418.0	NaN
28429.0	NaN
28448.0	136
28487.0	136
28567.0	136
28728.0	136
28812.0	136
28817.0	136
28822.0	136
28832.0	136
28852.0	136
274104.0	136
274109.0	136
274113.0	136
274123.0	NaN
274143.0	136
274183.0	136
274263.0	136
274423.0	136
290823.0	136
290828.0	136
290833.0	NaN
290843.0	136
290863.0	136
290903.0	136
290983.0	136
291142.0	136
450864.0	136
450868.0	136
450873.0	136
450875.0	136
450881.0	136
450880.0	136
450895.0	136
450915.0	NaN
450955.0	136
451035.0	136
451195.0	136
452253.0	136
452258.0	136
452263.0	136
452265.0	136
452270.0	136
595187.0	136
595192.0	136
595197.0	NaN
595207.0	136
595227.0	136
595267.0	136
595347.0	136
595507.0	136
608107.0	136
608111.0	136
608116.0	136
608126.0	136
608146.0	NaN
608186.0	136
608265.0	136
608425.0	136
615248.0	136
615256.0	136
615259.0	136
615259.0	136
615419.0	136
615578.0	136

0	137
3.71325270315	137
3.71403755242	NaN
3.71469159348	NaN
3.7149532099	NaN
3.71560725096	NaN
3.71626129202	137
3.71756937414	NaN
3.72018553837	NaN
3.72528705862	NaN
3.73562090734	NaN
3.75681183762	137
3.7677997274	NaN
3.76845376845	NaN
3.76910780951	NaN
3.77041589163	NaN
3.77290124765	NaN
4.93735594746	NaN
4.93800998852	NaN
4.93814079673	NaN
4.93879483778	NaN
4.93944887884	NaN
4.94088776917	NaN
4.9435039334	NaN
4.94860545366	NaN
9.30294920194	137
65.814451168	137
77.1190276241	137
88.4194182174	137
99.7217709339	137

0	NaN
28386.0	138
28391.0	NaN
28396.0	NaN
28398.0	NaN
28403.0	NaN
28408.0	NaN
28418.0	NaN
28438.0	NaN
28477.0	NaN
28557.0	NaN
28718.0	NaN
28802.0	NaN
28807.0	NaN
28812.0	NaN
28822.0	NaN
28842.0	NaN
595177.0	138
595182.0	NaN
595187.0	NaN
595197.0	NaN
595217.0	NaN
595257.0	NaN
595337.0	NaN
595497.0	NaN
608097.0	NaN
608101.0	NaN
608106.0	NaN
608116.0	NaN
608136.0	NaN
608176.0	NaN
608255.0	NaN
608416.0	NaN
615189.0	NaN
615194.0	NaN
615200.0	NaN
615201.0	NaN
615360.0	NaN
615519.0	NaN

0	139
1.57862655952	NaN
1.57903785298	NaN
1.57944914644	NaN
1.58027173336	NaN
1.58183464851	NaN
1.5851249962	NaN
1.59170569156	NaN
1.60486708229	NaN
1.68350639191	NaN
1.97963768336	NaN
1.97971994206	NaN
1.98128285721	NaN
1.98292803105	NaN
1.9844909462	NaN
2.18602474177	NaN
2.18931508945	NaN
2.19252317844	NaN
2.27626252697	NaN
2.27914158119	NaN
2.28160934196	NaN
2.28243192888	139
2.28481743095	NaN
2.28827229601	NaN
2.29468847399	NaN
2.30793212342	NaN
2.32800324428	NaN
2.3289080899	NaN
2.33038874635	NaN
2.33367909404	NaN
2.33680492433	NaN
2.33729847649	NaN
2.33770976995	NaN
2.33845009818	NaN
2.34955502161	139
2.34996631507	NaN
2.35087116068	NaN
2.47705599431	139
2.4834721723	NaN
2.48972383289	NaN
2.57864547902	139
2.59180686975	139
6.39989076046	139
13.5075353075	139
20.6148508197	139
27.7227421429	139
34.8300576551	139
41.9375376848	139
49.0451822318	139
56.1526622614	139
63.2602245498	139
70.3676223207	139
77.4750200917	139
84.5826646387	139
91.6902269271	139
98.7977892154	139

0	NaN
11926.0	140
11931.0	NaN
11936.0	140
11946.0	140
11966.0	140
12006.0	140
12086.0	140
12245.0	NaN
20058.0	140
20063.0	NaN
20068.0	140
24053.0	NaN
24055.0	NaN
24060.0	NaN
24064.0	NaN
24065.0	NaN
24068.0	NaN
24073.0	NaN
24083.0	NaN
24103.0	NaN
146991.0	140
146993.0	NaN
146997.0	NaN
147007.0	NaN
147027.0	NaN
147068.0	NaN
200396.0	NaN
200401.0	NaN
200406.0	140
200416.0	140
200436.0	NaN
200476.0	140
200556.0	NaN
200567.0	NaN
200572.0	140
200577.0	140
200587.0	140
200607.0	NaN
200647.0	140
200727.0	NaN
200887.0	NaN
290893.0	NaN
290898.0	NaN
290903.0	NaN
290908.0	140
290913.0	NaN
290918.0	NaN
290928.0	NaN
290948.0	NaN
290988.0	140
291067.0	NaN
291227.0	NaN
386562.0	NaN
386567.0	140
386572.0	NaN
386582.0	NaN
386584.0	NaN
386589.0	NaN
438585.0	NaN
438590.0	NaN
438595.0	140
438605.0	NaN
438625.0	140
438664.0	NaN
438745.0	NaN
438905.0	NaN
534534.0	NaN
534609.0	NaN
534614.0	NaN
534619.0	NaN
534624.0	NaN
534629.0	NaN
534634.0	NaN
534644.0	NaN
534664.0	NaN
534704.0	NaN
534784.0	NaN
534945.0	140
599173.0	140
599178.0	NaN
599183.0	NaN
599193.0	NaN
599213.0	NaN
651138.0	NaN
651143.0	140
654458.0	140
654777.0	140
1135068.0	140
1135072.0	NaN
1135077.0	NaN
1135087.0	NaN
1135107.0	NaN
1135147.0	NaN
1135227.0	NaN
1135387.0	NaN
1135440.0	NaN
1135445.0	NaN
1135450.0	NaN
1135460.0	NaN
1135480.0	NaN
1135494.0	NaN
1135499.0	NaN
1135504.0	NaN
1162710.0	140
1162712.0	140
1162717.0	140
1162727.0	NaN
1162747.0	140
1162787.0	140
1162867.0	NaN
1163027.0	140
1163310.0	140
1163315.0	NaN
1163320.0	NaN
1163330.0	NaN
1163350.0	NaN

0	141
0.206058023636	141
1.57944914644	NaN
1.5798604399	NaN
1.58027173336	NaN
1.58109432028	NaN
1.58265723543	NaN
1.58594758312	NaN
1.59252827848	NaN
1.60568966921	NaN
1.68424672014	NaN
1.98358610058	NaN
1.98375061797	NaN
1.98531353312	NaN
1.98539579181	NaN
1.98687644827	NaN
2.18676507	NaN
2.19005541768	NaN
2.19334576536	NaN
2.2770028552	NaN
2.28234967018	141
2.2801286855	NaN
2.2831722571	141
2.28555775917	NaN
2.28901262424	NaN
2.29542880222	NaN
2.30867245165	NaN
2.32866131382	NaN
2.32956615943	NaN
2.33121133327	NaN
2.33441942226	NaN
2.33762751126	NaN
2.33795654602	NaN
2.3392726851	NaN
2.33845009818	NaN
2.35029534983	NaN
2.35078890199	NaN
2.35152923021	NaN
2.47779632254	141
2.48429475922	141
2.49062867851	141
2.57946806594	141
2.59262945667	141
7.31222191421	141
14.421264859	141
21.5242206606	141
28.63737654	141
35.7420597741	141
42.8485526994	141
49.9572666095	141
57.0669676238	141
64.1745299121	141
71.2831615635	141
78.3887496432	141
85.4954893446	141
92.6035451851	141
99.7131639408	141

0	142
11936.0	142
11942.0	142
11946.0	142
11956.0	NaN
11976.0	NaN
12016.0	142
12096.0	142
12255.0	142
20069.0	142
20073.0	142
20078.0	142
24066.0	142
24066.0	142
24070.0	142
24074.0	142
24076.0	142
24078.0	142
24083.0	142
24093.0	142
24113.0	142
147000.0	142
147003.0	142
147007.0	142
147017.0	142
147037.0	142
147078.0	142
200411.0	142
200416.0	142
200411.0	NaN
200426.0	142
200446.0	142
200486.0	142
200566.0	142
200577.0	142
200582.0	142
200588.0	142
200597.0	NaN
200617.0	NaN
200657.0	142
200737.0	142
200897.0	142
290952.0	142
290957.0	142
290962.0	142
290967.0	142
290972.0	142
290977.0	NaN
290987.0	142
291007.0	142
291047.0	142
291126.0	142
291286.0	142
386621.0	142
386626.0	142
386631.0	142
386636.0	142
386638.0	142
386643.0	142
438596.0	142
438600.0	142
438605.0	NaN
438615.0	142
438635.0	NaN
438681.0	142
438755.0	142
438915.0	142
534544.0	142
534619.0	142
534624.0	142
534634.0	142
534639.0	142
534629.0	NaN
534644.0	142
534654.0	NaN
534674.0	142
534714.0	142
534794.0	142
534955.0	142
599227.0	142
599234.0	142
599248.0	142
599252.0	142
599268.0	142
651148.0	142
651153.0	142
654468.0	142
654787.0	142
1135078.0	142
1135082.0	142
1135087.0	142
1135097.0	142
1135117.0	NaN
1135157.0	142
1135237.0	142
1135397.0	142
1135450.0	142
1135455.0	142
1135460.0	142
1135471.0	142
1135490.0	142
1135504.0	142
1135509.0	142
1135514.0	142
1162717.0	142
1162721.0	142
1162726.0	142
1162737.0	142
1162757.0	142
1162797.0	142
1162877.0	142
1163037.0	142
1163321.0	142
1163326.0	142
1163330.0	142
1163341.0	142
1163361.0	142

0	143
1.57862655952	NaN
1.57903785298	NaN
1.57944914644	NaN
1.58027173336	NaN
1.58183464851	NaN
1.5851249962	NaN
1.59170569156	NaN
1.60486708229	NaN
1.68342413322	NaN
1.97963768336	NaN
1.97971994206	NaN
1.98120059851	NaN
1.98292803105	143
1.9844909462	NaN
2.18610700046	NaN
2.18931508945	NaN
2.19252317844	NaN
2.27626252697	NaN
2.27914158119	NaN
2.28152708326	NaN
2.28234967018	NaN
2.28481743095	NaN
2.2883545547	NaN
2.29468847399	NaN
2.30793212342	NaN
2.32800324428	NaN
2.3289080899	NaN
2.33047100504	NaN
2.33367909404	NaN
2.33680492433	NaN
2.33729847649	NaN
2.33779202864	NaN
2.33845009818	NaN
2.34955502161	NaN
2.34996631507	NaN
2.35095341937	NaN
2.47705599431	NaN
2.4834721723	NaN
2.48972383289	143
2.57864547902	NaN
2.59180686975	NaN
6.54738059534	143
13.654860625	143
20.7623406546	143
27.869902943	143
34.9773829726	143
42.084945261	143
49.192589808	143
56.2998230616	143
63.4073853499	143
70.5148653795	143
77.6223454092	143
84.7298254388	143
91.8374699859	143
98.9449500155	143

0	NaN
11926.0	NaN
11931.0	NaN
11936.0	NaN
11946.0	NaN
11966.0	NaN
12006.0	NaN
12086.0	NaN
12245.0	144
20058.0	NaN
20063.0	NaN
20068.0	NaN
24053.0	NaN
24055.0	NaN
24060.0	144
24064.0	NaN
24065.0	NaN
24068.0	NaN
24073.0	144
24083.0	NaN
24104.0	NaN
146989.0	144
146993.0	NaN
146997.0	NaN
147007.0	NaN
147028.0	NaN
147068.0	NaN
200396.0	144
200401.0	NaN
200406.0	NaN
200416.0	NaN
200436.0	NaN
200476.0	NaN
200556.0	NaN
200567.0	NaN
200572.0	NaN
200577.0	NaN
200587.0	NaN
200607.0	NaN
200647.0	NaN
200727.0	NaN
200887.0	NaN
290893.0	NaN
290898.0	NaN
290903.0	NaN
290909.0	144
290913.0	NaN
290918.0	NaN
290928.0	NaN
290948.0	NaN
290988.0	NaN
291067.0	NaN
291227.0	NaN
386563.0	144
386567.0	NaN
386572.0	NaN
386582.0	NaN
386584.0	NaN
386590.0	144
438585.0	144
438590.0	NaN
438595.0	NaN
438605.0	NaN
438625.0	NaN
438664.0	NaN
438744.0	144
438905.0	NaN
534534.0	144
534609.0	NaN
534614.0	NaN
534619.0	NaN
534624.0	NaN
534629.0	NaN
534634.0	NaN
534644.0	NaN
534664.0	NaN
534704.0	NaN
534784.0	NaN
534945.0	NaN
599174.0	144
599178.0	NaN
599183.0	NaN
599193.0	NaN
599213.0	NaN
651138.0	NaN
651142.0	NaN
654457.0	NaN
654776.0	144
1135067.0	144
1135071.0	NaN
1135076.0	NaN
1135087.0	NaN
1135107.0	NaN
1135147.0	NaN
1135227.0	144
1135387.0	NaN
1135440.0	NaN
1135445.0	NaN
1135450.0	NaN
1135460.0	NaN
1135480.0	NaN
1135494.0	NaN
1135499.0	NaN
1135504.0	NaN
1162706.0	144
1162711.0	NaN
1162716.0	NaN
1162726.0	NaN
1162746.0	NaN
1162786.0	NaN
1162866.0	NaN
1163027.0	NaN
1163310.0	144
1163315.0	NaN
1163320.0	NaN
1163330.0	NaN
1163350.0	NaN

0	NaN
65.4078481243	145
65.42147334	NaN
65.4328276864	NaN
65.4509946407	NaN

0	NaN
28797.0	NaN
28800.0	NaN
28803.0	NaN
28806.0	NaN
28812.0	NaN
28817.0	NaN
28828.0	NaN

0	147
65.4305568171	147
65.4441820329	147
65.4555363793	NaN
65.4737033336	147

0	148
65.405577255	NaN
65.42147334	NaN
65.4328276864	148
65.4509946407	NaN

0	NaN
28796.0	NaN
28800.0	NaN
28803.0	NaN
28806.0	NaN
28812.0	NaN
28817.0	NaN
28825.0	NaN

0	150
31.4417629916	NaN
31.4461289935	NaN
31.451586496	NaN
31.4625015008	NaN
31.4843315105	NaN
31.5269000295	NaN
31.6153115688	NaN
31.791043147	NaN
67.8040101728	NaN

0	NaN
28802.0	151
28806.0	151
28812.0	151
28821.0	151
28841.0	151
28881.0	151
28961.0	151
29122.0	151
33922.0	151
39042.0	151

0	152
31.4941550149	NaN
31.4985210168	NaN
31.5039785193	NaN
31.5138020236	NaN
31.5356320334	NaN
31.5792920528	NaN
31.6666120916	NaN
31.8423436698	NaN
77.8731021535	NaN

0	153
31.445037493	NaN
31.4406714911	NaN
31.4526779964	NaN
31.4603184998	NaN
31.4821485096	NaN
31.525808529	NaN
31.6131285678	NaN
31.7877686456	NaN
69.7250510276	NaN

0	NaN
28802.0	154
28806.0	154
28812.0	154
28821.0	154
28841.0	154
28881.0	154
28961.0	154
29121.0	154
33921.0	154
39042.0	154

0	NaN
79.7569908726	NaN
79.7628044881	NaN
79.7918725655	NaN
79.8267542585	NaN
79.820940643	NaN
79.8383814894	NaN
79.8732631824	155
79.8965176443	155
79.9546537992	155

0	NaN
79.820940643	NaN
79.8151270275	156
79.8500087204	156
79.8790767979	156
79.8848904133	156
79.8965176443	156
79.9313993372	156
79.9546537992	NaN
80.0127899541	156

0	NaN
9.0	157
0	158
5396.0	158

0	159
40.8983753692	NaN
40.9040558964	NaN
40.9111565553	NaN
40.9253578732	159
40.9551806408	159
41.0119859123	NaN
41.1255964554	NaN
41.3528175415	NaN
41.8072597137	NaN
42.7161440582	159
44.5339127471	159
55.4405248807	NaN
93.3637241536	159

0	160
40.9608611679	160
40.9679618269	160
40.9750624858	160
40.9892638037	160
41.0176664394	160
41.074471711	160
41.188082254	160
41.4153033401	160
41.8697455124	160
42.7786298569	160
44.5978186776	160
55.5030106794	160

0	161
40.8983753692	NaN
40.9054760282	161
40.9125766871	NaN
40.9253578732	NaN
40.9551806408	NaN
41.0119859123	NaN
41.1255964554	NaN
41.3542376733	NaN
41.8072597137	NaN
42.7161440582	NaN
44.5339127471	NaN
55.4419450125	NaN
95.9100204499	161

0	162
28797.0	NaN
28802.0	NaN
28807.0	NaN
28817.0	NaN
28837.0	NaN
28878.0	NaN
28958.0	NaN
29118.0	NaN
29438.0	NaN
30078.0	NaN
31358.0	162
39038.0	NaN

0	163
18.0	163
0	164
17.0	164
0	165
32.0	165
0	166
31.0	166
0	167
29.0	167
0	168
29.0	168
0	169
24.0	169
0	170
30.0	170
0	NaN
80.0	171
0	NaN
107.0	172
0	173
20.0	173
0	174
33.0	174
0	175
38.0	175
0	176
23.0	176
0	177
23.0	177
0	178
28.0	178
0	179
25.0	179
0	180
80.0	180
85.0	180
0	181
75.0	181
84.0	181
0	182
8.0	182
0	NaN
103.0	183
0	NaN
102.0	184
0	NaN
80.0	185
0	NaN
79.0	186
0	187
32.0	187
0	188
34.0	188
0	189
15.0	189
0	190
6.0	190
0	191
17.0	191
0	192
23.0	192
0	193
24.0	193
0	194
20.0	194
81.0	194
0	195
16.6666666667	195
81.0	195
0	196
44.0	196
0	197
41.0	197
0	198
16.0	198
0	199
18.0	199
0	NaN
99.0	200
0	NaN
101.0	201
0	NaN
40.0	202
0	203
27.0	203
0	204
28.0	204
0	205
50.0	205
8.0	205
0	206
5.0	206
0	207
20.8333333333	207
0.0	207
45.8333333333	207
87.5	207
41.0	207
0	208
5.0	208
0	209
40.0	209
47.0	209
0	210
30.0	210
0	211
19.0	211
0	NaN
44.0	212
0	NaN
45.0	213
0	214
11.0	214
0	215
8.0	215
0	216
40.0	216
12.0	216
0	217
42.8571428571	217
13.0	217
0	218
37.0	218
0	219
36.0	219
0	220
71.0	220
0	221
71.0	221
0	222
30.0	222
0	223
30.0	223
0	224
93.3333333333	224

0	225
80.0	225

0	226
35.593220339	NaN

0	NaN
95.0	227
0	NaN
96.0	228
0	NaN
95.0	NaN

0	NaN
97.0	NaN

0	NaN
95.0	231
0	NaN
96.0	232
0	NaN
95.0	NaN

0	NaN
97.0	NaN

0	235
13.0	235
0	236
17.0	236
0	NaN
473.0	237

0	NaN
50.7174969347	238
50.7288497343	238
50.7402025339	238
65.396666818	238
65.4080196176	NaN
65.4216429772	NaN
65.4443485764	238
65.4874892148	NaN

0	NaN
28803.0	NaN
28806.0	NaN
28809.0	NaN
28812.0	NaN
28818.0	NaN
28823.0	NaN
28834.0	NaN

0	NaN
50.7174969347	240
50.7265791744	240
50.7402025339	NaN
65.3943962581	240
65.4057490577	240
65.4216429772	240
65.4443485764	240
65.4874892148	240

0	NaN
28802.0	NaN
28806.0	NaN
28809.0	NaN
28812.0	NaN
28818.0	NaN
28823.0	NaN
28831.0	NaN

